24.5
24.516666666666666
24.533333333333335
24.55
24.566666666666666
24.583333333333332
24.65
24.816666666666666
24.833333333333332
24.85
24.95
25.016666666666666
25.033333333333335
25.083333333333332
32.61666666666667
32.63333333333333
32.65
32.666666666666664
32.733333333333334
32.78333333333333
33.733333333333334
33.75
33.766666666666666
33.78333333333333
33.81666666666667
33.833333333333336
33.85
33.86666666666667
33.88333333333333
33.9
33.916666666666664
33.93333333333333
33.95
33.96666666666667
33.983333333333334
34.0
34.016666666666666
34.03333333333333
34.05
34.06666666666667
34.083333333333336
34.13333333333333
34.15
34.166666666666664
34.18333333333333
34.2
34.21666666666667
34.233333333333334
34.25
34.28333333333333
34.3
34.31666666666667
34.333333333333336
34.35
34.36666666666667
34.38333333333333
34.4
34.416666666666664
34.43333333333333
34.45
34.46666666666667
34.65
34.666666666666664
34.68333333333333
34.71666666666667
34.733333333333334
34.75
34.86666666666667
34.88333333333333
34.96666666666667
35.0
35.016666666666666
35.03333333333333
42.25
42.266666666666666
42.28333333333333
42.3
42.31666666666667
42.36666666666667
42.38333333333333
42.4
42.416666666666664
42.43333333333333
42.483333333333334
42.53333333333333
42.55
42.56666666666667
42.88333333333333
42.95
43.05
43.06666666666667
43.15
43.166666666666664
43.18333333333333
43.2
43.21666666666667
43.233333333333334
43.25
43.266666666666666
43.3
43.31666666666667
43.333333333333336
43.35
43.36666666666667
43.38333333333333
43.4
43.416666666666664
43.43333333333333
43.45
43.46666666666667
43.483333333333334
43.5
43.516666666666666
43.53333333333333
43.55
43.56666666666667
43.583333333333336
43.6
43.61666666666667
43.63333333333333
43.65
43.666666666666664
43.68333333333333
43.7
43.71666666666667
43.733333333333334
43.75
43.766666666666666
43.78333333333333
43.8
43.833333333333336
43.85
43.86666666666667
43.88333333333333
43.9
44.016666666666666
44.03333333333333
44.1
44.11666666666667
44.18333333333333
44.2
44.21666666666667
44.266666666666666
44.28333333333333
44.31666666666667
44.333333333333336
44.35
44.36666666666667
44.483333333333334
44.5
44.516666666666666
50.1
50.11666666666667
50.15
50.166666666666664
50.18333333333333
50.2
50.21666666666667
50.233333333333334
50.25
50.266666666666666
50.28333333333333
50.3
50.333333333333336
50.35
50.36666666666667
50.38333333333333
50.4
50.416666666666664
50.43333333333333
50.45
50.46666666666667
50.483333333333334
50.5
50.516666666666666
50.55
50.56666666666667
50.583333333333336
50.75
50.766666666666666
50.78333333333333
50.8
50.81666666666667
50.833333333333336
50.86666666666667
50.88333333333333
50.9
50.916666666666664
50.93333333333333
50.96666666666667
50.983333333333334
51.016666666666666
51.03333333333333
51.05
51.06666666666667
51.083333333333336
51.1
51.11666666666667
51.13333333333333
51.15
51.166666666666664
51.18333333333333
51.2
51.21666666666667
51.233333333333334
51.25
51.266666666666666
51.28333333333333
51.3
51.31666666666667
51.333333333333336
51.35
51.36666666666667
51.416666666666664
52.61666666666667
82.98333333333333
83.01666666666667
83.05
83.11666666666666
83.13333333333334
83.4
83.41666666666667
83.81666666666666
84.18333333333334
84.25
84.28333333333333
84.31666666666666
84.33333333333333
84.35
84.36666666666666
84.38333333333334
84.4
84.43333333333334
84.45
84.46666666666667
84.5
84.51666666666667
84.53333333333333
84.55
84.56666666666666
84.58333333333333
84.6
84.61666666666666
84.63333333333334
84.65
84.66666666666667
84.68333333333334
84.7
84.71666666666667
84.73333333333333
84.75
84.76666666666667
84.78333333333333
84.8
85.16666666666667
122.03333333333333
122.05
122.06666666666666
122.13333333333334
122.15
122.16666666666667
122.18333333333334
122.21666666666667
122.23333333333333
122.25
122.26666666666667
122.28333333333333
122.3
122.31666666666666
122.33333333333333
122.36666666666666
122.41666666666667
122.43333333333334
122.45
122.46666666666667
122.48333333333333
122.5
122.51666666666667
122.53333333333333
122.55
122.56666666666666
122.58333333333333
122.75
122.76666666666667
122.78333333333333
122.8
122.83333333333333
122.85
122.86666666666666
122.88333333333334
122.9
122.91666666666667
122.93333333333334
122.95
122.96666666666667
123.16666666666667
123.18333333333334
123.2
123.21666666666667
123.23333333333333
123.28333333333333
123.45
123.48333333333333
123.5
123.7
123.71666666666667
123.73333333333333
123.75
123.76666666666667
123.8
123.83333333333333
124.1
124.11666666666666
124.13333333333334
124.15
124.16666666666667
124.18333333333334
124.2
124.21666666666667
124.23333333333333
124.25
124.26666666666667
124.28333333333333
124.31666666666666
124.33333333333333
124.36666666666666
124.38333333333334
124.4
124.41666666666667
124.43333333333334
124.45
166.98333333333332
167.0
167.01666666666668
167.03333333333333
167.05
167.06666666666666
167.08333333333334
167.1
167.13333333333333
167.15
167.56666666666666
167.6
167.73333333333332
167.75
167.78333333333333
167.8
167.81666666666666
167.83333333333334
167.85
167.86666666666667
167.88333333333333
167.9
167.91666666666666
167.93333333333334
167.95
167.96666666666667
167.98333333333332
168.0
168.01666666666668
168.03333333333333
168.05
168.06666666666666
168.08333333333334
168.1
168.11666666666667
168.13333333333333
168.15
168.16666666666666
168.18333333333334
168.2
168.21666666666667
168.23333333333332
168.25
168.3
168.31666666666666
168.33333333333334
168.35
168.36666666666667
168.38333333333333
168.4
168.41666666666666
168.43333333333334
168.45
168.46666666666667
168.48333333333332
168.5
168.51666666666668
168.53333333333333
168.55
168.6
168.61666666666667
168.63333333333333
168.65
173.75
173.76666666666668
173.78333333333333
173.88333333333333
173.93333333333334
173.95
173.96666666666667
173.98333333333332
174.0
174.01666666666668
174.03333333333333
174.05
174.06666666666666
174.08333333333334
174.1
174.11666666666667
174.15
174.16666666666666
174.18333333333334
174.2
174.21666666666667
174.23333333333332
174.25
174.46666666666667
174.48333333333332
174.58333333333334
174.6
174.65
175.0
175.05
175.2
175.26666666666668
175.31666666666666
175.41666666666666
175.46666666666667
175.48333333333332
175.5
175.51666666666668
175.53333333333333
175.55
190.25
190.35
190.36666666666667
190.38333333333333
190.4
190.41666666666666
190.43333333333334
190.45
190.51666666666668
190.53333333333333
190.55
190.56666666666666
190.58333333333334
190.6
190.61666666666667
190.63333333333333
190.66666666666666
190.95
191.05
191.08333333333334
191.11666666666667
191.15
191.18333333333334
191.2
191.21666666666667
191.23333333333332
191.6
191.61666666666667
191.78333333333333
191.8
191.81666666666666
191.83333333333334
191.91666666666666
191.93333333333334
191.95
191.96666666666667
191.98333333333332
192.08333333333334
192.16666666666666
192.21666666666667
192.23333333333332
192.25
192.26666666666668
192.28333333333333
192.3
214.43333333333334
214.46666666666667
214.48333333333332
214.53333333333333
214.55
214.56666666666666
214.6
214.61666666666667
214.63333333333333
214.65
214.66666666666666
214.68333333333334
214.7
214.71666666666667
214.73333333333332
214.75
214.76666666666668
214.78333333333333
214.8
214.81666666666666
214.83333333333334
214.85
214.86666666666667
214.88333333333333
214.9
214.91666666666666
214.93333333333334
214.95
214.96666666666667
214.98333333333332
215.0
215.01666666666668
215.03333333333333
215.05
215.06666666666666
215.08333333333334
215.1
215.11666666666667
215.13333333333333
215.15
215.16666666666666
215.18333333333334
215.2
215.21666666666667
215.23333333333332
215.25
215.26666666666668
215.28333333333333
215.3
215.31666666666666
215.5
215.51666666666668
215.53333333333333
215.55
215.56666666666666
215.58333333333334
215.6
215.61666666666667
215.63333333333333
215.65
215.66666666666666
215.71666666666667
215.73333333333332
215.75
215.76666666666668
215.78333333333333
215.8
215.81666666666666
215.83333333333334
215.85
215.86666666666667
215.88333333333333
215.9
215.91666666666666
215.93333333333334
215.95
215.96666666666667
215.98333333333332
216.0
216.01666666666668
216.03333333333333
216.05
216.1
216.11666666666667
216.13333333333333
216.16666666666666
216.18333333333334
216.2
216.23333333333332
216.35
216.36666666666667
216.38333333333333
216.4
216.41666666666666
216.43333333333334
216.45
216.46666666666667
216.48333333333332
216.5
216.51666666666668
216.53333333333333
216.55
216.56666666666666
216.6
216.66666666666666
216.68333333333334
216.7
216.71666666666667
216.73333333333332
216.75
216.76666666666668
216.8
216.81666666666666
216.83333333333334
216.85
216.86666666666667
216.9
216.91666666666666
217.01666666666668
217.05
230.36666666666667
230.38333333333333
230.4
230.41666666666666
230.43333333333334
230.45
230.46666666666667
230.48333333333332
230.5
230.51666666666668
230.53333333333333
230.55
230.56666666666666
230.58333333333334
230.6
230.61666666666667
230.63333333333333
230.65
230.66666666666666
230.68333333333334
230.7
230.71666666666667
230.73333333333332
230.75
230.76666666666668
230.78333333333333
230.8
230.9
230.95
231.16666666666666
231.33333333333334
231.75
231.78333333333333
231.83333333333334
231.95
231.98333333333332
232.0
232.05
232.06666666666666
232.08333333333334
232.1
232.11666666666667
232.18333333333334
232.23333333333332
232.26666666666668
232.28333333333333
232.31666666666666
232.33333333333334
232.45
